0
1
2
3
4
5
6
7
8
9
600
601
602
603
604
605
606
607
608
609
610
611
612
613
614
615
616
617
618
619
620
500
621
501
622
502
623
503
624
504
625
505
626
506
627
507
628
508
629
509
630
510
631
511
632
512
633
513
634
514
635
515
636
516
637
517
638
518
639
519
640
520
641
400
521
642
401
522
643
402
523
644
403
524
645
404
525
646
405
526
647
406
527
648
407
528
649
408
529
409
650
530
651
410
531
652
411
532
653
412
533
654
413
534
655
414
535
656
415
536
657
416
537
658
417
538
659
418
539
419
660
540
661
420
541
662
300
421
542
663
301
422
543
664
302
423
544
665
303
424
545
666
304
425
546
667
305
426
547
668
306
427
548
669
307
428
549
308
429
309
670
550
671
430
551
672
310
431
552
673
311
432
553
674
312
433
554
675
313
434
555
676
314
435
556
677
315
436
557
678
316
437
558
679
317
438
559
318
439
319
680
560
681
440
561
682
320
441
562
683
200
321
442
563
684
201
322
443
564
685
202
323
444
565
686
203
324
445
566
687
204
325
446
567
688
205
326
447
568
689
206
327
448
569
207
328
449
208
329
209
690
570
450
571
330
451
572
210
331
452
573
211
332
453
574
212
333
454
575
213
334
455
576
214
335
456
577
215
336
457
578
216
337
458
579
217
338
459
218
339
219
580
460
581
340
461
582
220
341
462
583
100
221
342
463
584
101
222
343
464
585
102
223
344
465
586
103
224
345
466
587
104
225
346
467
588
105
226
347
468
589
106
227
348
469
107
228
349
108
229
109
590
470
591
350
471
592
230
351
472
593
110
231
352
473
594
111
232
353
474
595
112
233
354
475
596
113
234
355
476
597
114
235
356
477
598
115
236
357
478
599
116
237
358
479
117
238
359
118
239
119
10
11
12
13
14
15
16
17
18
19
480
360
481
240
361
482
120
241
362
483
121
242
363
484
122
243
364
485
123
244
365
486
124
245
366
487
125
246
367
488
126
247
368
489
127
248
369
128
249
129
20
21
22
23
24
25
26
27
28
29
490
370
491
250
371
492
130
251
372
493
131
252
373
494
132
253
374
495
133
254
375
496
134
255
376
497
135
256
377
498
136
257
378
499
137
258
379
138
259
139
30
31
32
33
34
35
36
37
38
39
380
260
381
140
261
382
141
262
383
142
263
384
143
264
385
144
265
386
145
266
387
146
267
388
147
268
389
148
269
149
40
41
42
43
44
45
46
47
48
49
390
270
391
150
271
392
151
272
393
152
273
394
153
274
395
154
275
396
155
276
397
156
277
398
157
278
399
158
279
159
50
51
52
53
54
55
56
57
58
59
280
160
281
161
282
162
283
163
284
164
285
165
286
166
287
167
288
168
289
169
60
61
62
63
64
65
66
67
68
69
290
170
291
171
292
172
293
173
294
174
295
175
296
176
297
177
298
178
299
179
70
71
72
73
74
75
76
77
78
79
180
181
182
183
184
185
186
187
188
189
80
81
82
83
84
85
86
87
88
89
190
191
192
193
194
195
196
197
198
199
90
91
92
93
94
95
96
97
98
99
