0
1
2
3
4
5
6
7
8
9
400
401
402
403
404
405
406
407
408
409
410
411
412
413
414
415
416
417
418
419
420
300
421
301
422
302
423
303
424
304
425
305
426
306
427
307
428
308
429
309
430
310
431
311
432
312
433
313
434
314
435
315
436
316
437
317
438
318
439
319
440
320
441
200
321
442
201
322
443
202
323
444
203
324
445
204
325
446
205
326
447
206
327
448
207
328
449
208
329
209
450
330
451
210
331
452
211
332
453
212
333
454
213
334
455
214
335
456
215
336
216
337
217
338
218
339
219
340
220
341
100
221
342
101
222
343
102
223
344
103
224
345
104
225
346
105
226
347
106
227
348
107
228
349
108
229
109
350
230
351
110
231
352
111
232
353
112
233
354
113
234
355
114
235
356
115
236
357
116
237
358
117
238
359
118
239
119
10
11
12
13
14
15
16
17
18
19
360
240
361
120
241
362
121
242
363
122
243
364
123
244
365
124
245
366
125
246
367
126
247
368
127
248
369
128
249
129
20
21
22
23
24
25
26
27
28
29
370
250
371
130
251
372
131
252
373
132
253
374
133
254
375
134
255
376
135
256
377
136
257
378
137
258
379
138
259
139
30
31
32
33
34
35
36
37
38
39
380
260
381
140
261
382
141
262
383
142
263
384
143
264
385
144
265
386
145
266
387
146
267
388
147
268
389
148
269
149
40
41
42
43
44
45
46
47
48
49
390
270
391
150
271
392
151
272
393
152
273
394
153
274
395
154
275
396
155
276
397
156
277
398
157
278
399
158
279
159
50
51
52
53
54
55
56
57
58
59
280
160
281
161
282
162
283
163
284
164
285
165
286
166
287
167
288
168
289
169
60
61
62
63
64
65
66
67
68
69
290
170
291
171
292
172
293
173
294
174
295
175
296
176
297
177
298
178
299
179
70
71
72
73
74
75
76
77
78
79
180
181
182
183
184
185
186
187
188
189
80
81
82
83
84
85
86
87
88
89
190
191
192
193
194
195
196
197
198
199
90
91
92
93
94
95
96
97
98
99
